y
0
50
405
835
818
369
172
125
69
65
46
37
38
51
47
40
39
29
31
51
66
65
136
130
104
84
162
207
197
253
233
297
291
278
323
377
512
504
484
518
489
582
505
632
588
551
561
670
611
625
527
599
644
723
610
642
652
626
560
630
613
545
587
611
680
616
654
646
600
626
528
562
534
564
545
469
532
482
447
463
367
476
472
390
425
352
359
379
418
449
361
327
375
318
325
314
321
280
320
320
290
299
299
268
300
317
336
302
317
359
352
360
342
353
449
307
379
371
426
390
425
364
390
434
360
333
347
370
294
344
373
370
338
344
365
353
345
438
400
340
386
405
362
385
330
413
349
340
281
275
254
291
212
270
164
195
174
146
151
99
62
66
47
44
38
40
26
29
16
19
19
15
8
9
2
0
4
12
4
0
0
0
0
0
0
0
0
0
0
0
0
0
0
0
0
0
0
0
0
0
0
0
0
0
0
0
0
0
0
0
0
0
0
0
0
0
0
0
0
0
0
0
0
0
0
0
0
0
0
0
0
0
0
0
0
0
0
0
0
0
0
0
0
0
0
0
0
0
0
0
0
0
0
0
0
0
