raw	slope	new
6585.291	0	6585.291
6528.268	22.535	6505.733
6495.452	45.07	6450.382
6422.604	67.605	6354.999
6432.27	90.14	6342.13
6344.124	112.675	6231.449
6343.536	135.21	6208.326
6326.223	157.745	6168.478
6329.672	180.28	6149.393
6354.579	202.815	6151.764
6437.789	225.35	6212.439
6370.829	247.885	6122.944
6411.84	270.42	6141.42
6463.812	292.955	6170.857
6570.153	315.49	6254.663
6572.386	338.025	6234.361
6612.465	360.56	6251.905
6688.138	383.095	6305.042
6797.957	405.63	6392.327
6986.973	428.165	6558.808
7232.336	450.7	6781.636
7260.672	473.235	6787.437
7398.909	495.77	6903.139
7524.068	518.305	7005.763
7754.411	540.84	7213.571
7847.541	563.375	7284.166
8072.362	585.91	7486.452
8297.186	608.445	7688.741
8529.27	630.98	7898.29
8707.027	653.515	8053.512
8871.129	676.05	8195.079
9020.688	698.585	8322.103
9031.231	721.12	8310.111
9022.394	743.655	8278.738
8995.801	766.19	8229.61
8894.061	788.725	8105.335
8761.356	811.26	7950.097
8680.067	833.795	7846.272
8527.187	856.33	7670.856
8409.116	878.865	7530.251
8296.913	901.4	7395.513
8195.055	923.935	7271.12
8148.54	946.47	7202.07
7901.967	969.005	6932.962
7876.351	991.54	6884.811
7760.689	1014.075	6746.614
7680.981	1036.61	6644.371
7589.746	1059.145	6530.601
7517.109	1081.68	6435.43
7431.904	1104.215	6327.689
7422.676	1126.75	6295.926
7325.907	1149.285	6176.622
7306.323	1171.82	6134.503
7280.243	1194.355	6085.888
7185.343	1216.89	5968.453
7163.148	1239.425	5923.723
7115.267	1261.96	5853.307
7101.097	1284.495	5816.602
7085.17	1307.03	5778.14
7122.001	1329.565	5792.436
7106.909	1352.1	5754.809
7115.874	1374.635	5741.239
7155.744	1397.17	5758.574
7217.421	1419.705	5797.716
7283.065	1442.24	5840.825
7400.635	1464.775	5935.86
7451.522	1487.31	5964.212
7477.294	1509.845	5967.449
7547.258	1532.38	6014.878
7664.762	1554.915	6109.847
7781.25	1577.45	6203.8
7890.438	1599.985	6290.453
8013.963	1622.52	6391.443
8106.962	1645.055	6461.907
8240.767	1667.59	6573.177
8379.416	1690.125	6689.291
8535.676	1712.66	6823.016
8825.201	1735.195	7090.006
8910.891	1757.73	7153.161
9124.184	1780.265	7343.918
9216.142	1802.8	7413.342
9478.572	1825.335	7653.237
9718.64	1847.87	7870.77
9952.891	1870.405	8082.485
10214.26	1892.94	8321.318
10484.06	1915.475	8568.582
10668.71	1938.01	8730.695
10866.56	1960.545	8906.019
10921.35	1983.08	8938.268
10947.45	2005.615	8941.837
10978.34	2028.15	8950.188
10998.04	2050.685	8947.354
10943.77	2073.22	8870.549
10986.79	2095.755	8891.031
10737.7	2118.29	8619.413
10588.25	2140.825	8447.426
10390.89	2163.36	8227.527
10289.5	2185.895	8103.601
10097.15	2208.43	7888.717
9904.799	2230.965	7673.834
9726.582	2253.5	7473.082
9607.922	2276.035	7331.887
9438.562	2298.57	7139.991
9302.299	2321.105	6981.194
9205.599	2343.64	6861.959
9109.125	2366.175	6742.95
8963.411	2388.71	6574.701
8892.118	2411.245	6480.873
8775.678	2433.78	6341.897
8665.757	2456.315	6209.442
8608.207	2478.85	6129.357
8554.159	2501.385	6052.774
8520.379	2523.92	5996.459
8453.644	2546.455	5907.188
8442.739	2568.99	5873.749
8375.355	2591.525	5783.831
8313.953	2614.06	5699.893
8201.896	2636.595	5565.302
8153.36	2659.13	5494.23
8204.384	2681.665	5522.719
8162.32	2704.2	5458.12
8236.274	2726.735	5509.54
8154.667	2749.27	5405.397
8149.304	2771.805	5377.499
8235.8	2794.34	5441.46
8299.38	2816.875	5482.505
8285.071	2839.41	5445.661
8324.906	2861.945	5462.961
8335.017	2884.48	5450.537
8401.098	2907.015	5494.083
8505.15	2929.55	5575.601
8599.334	2952.085	5647.249
8693.519	2974.62	5718.898
8849.149	2997.155	5851.994
8949.198	3019.69	5929.508
9026.737	3042.225	5984.512
9162.168	3064.76	6097.408
9257.205	3087.295	6169.91
9441.211	3109.83	6331.381
9583.36	3132.365	6450.995
9701.318	3154.9	6546.418
9811.508	3177.435	6634.073
10068.04	3199.97	6868.065
10273.13	3222.505	7050.622
10485.15	3245.04	7240.112
10656.33	3267.575	7388.75
10996.36	3290.11	7706.254
11298.78	3312.645	7986.133
11496.63	3335.18	8161.454
11625.43	3357.715	8267.716
11754.23	3380.25	8373.981
11947.66	3402.785	8544.872
11978.96	3425.32	8553.635
11983.08	3447.855	8535.223
11996.16	3470.39	8525.766
11972.32	3492.925	8479.398
12028.44	3515.46	8512.979
12034.87	3537.995	8496.87
12023.54	3560.53	8463.01
11793	3583.065	8209.932
11561.32	3605.6	7955.718
11420.29	3628.135	7792.16
11140.56	3650.67	7489.894
10966.64	3673.205	7293.437
10802.57	3695.74	7106.83
10715.32	3718.275	6997.042
10534.79	3740.81	6793.981
10457.38	3763.345	6694.039
10379.97	3785.88	6594.095
10214.33	3808.415	6405.914
10110.37	3830.95	6279.416
9948.826	3853.485	6095.341
9941.521	3876.02	6065.5
9762.525	3898.555	5863.971
9659.672	3921.09	5738.582
9629.796	3943.625	5686.171
9565.421	3966.16	5599.261
9474.642	3988.695	5485.946
9565.421	4011.23	5554.191
9565.421	4033.765	5531.656
7350.532	0	7350.532
7334.109	12.111	7321.999
7287.494	24.222	7263.271
7179.245	36.333	7142.912
7208.305	48.444	7159.861
7156.629	60.555	7096.074
7191.927	72.666	7119.261
7199.204	84.777	7114.427
7232.603	96.888	7135.715
7263.291	108.999	7154.292
7334.208	121.11	7213.098
7266.339	133.221	7133.118
7349.44	145.332	7204.108
7386.083	157.443	7228.641
7512.561	169.554	7343.007
7537.521	181.665	7355.856
7662.776	193.776	7469
7798.391	205.887	7592.504
7869.662	217.998	7651.664
8065.247	230.109	7835.138
8323.183	242.22	8080.962
8407.948	254.331	8153.617
8554.522	266.442	8288.08
8699.098	278.553	8420.545
8979.788	290.664	8689.124
9122.724	302.775	8819.948
9351.437	314.886	9036.551
9580.149	326.997	9253.152
9755.754	339.108	9416.646
9720.615	351.219	9369.396
9668.877	363.33	9305.547
9615.035	375.441	9239.594
9457.183	387.552	9069.631
9297.071	399.663	8897.408
9177.864	411.774	8766.09
8999.595	423.885	8575.71
8844.72	435.996	8408.724
8744.911	448.107	8296.804
8575.979	460.218	8115.762
8446.968	472.329	7974.639
8326.756	484.44	7842.316
8211.902	496.551	7715.352
8197.372	508.662	7688.71
7959.23	520.773	7438.457
7901.265	532.884	7368.381
7800.313	544.995	7255.317
7732.621	557.106	7175.515
7642.694	569.217	7073.478
7548.783	581.328	6967.455
7491.177	593.439	6897.738
7457.804	605.55	6852.254
7395.119	617.661	6777.458
7398.358	629.772	6768.586
7356.885	641.883	6715.002
7254.283	653.994	6600.289
7246.953	666.105	6580.848
7192.739	678.216	6514.523
7171.091	690.327	6480.764
7139.581	702.438	6437.143
7189.357	714.549	6474.809
7187.428	726.66	6460.768
7230.198	738.771	6491.427
7272.77	750.882	6521.888
7334.769	762.993	6571.775
7342.234	775.104	6567.13
7434.094	787.215	6646.879
7496.838	799.326	6697.512
7585.958	811.437	6774.521
7660.393	823.548	6836.845
7744.535	835.659	6908.876
7859.602	847.77	7011.832
8010.339	859.881	7150.458
8129.335	871.992	7257.343
8241.848	884.103	7357.745
8377.695	896.214	7481.481
8506.609	908.325	7598.284
8674.287	920.436	7753.851
8948.258	932.547	8015.711
9027.288	944.658	8082.63
9244.822	956.769	8288.054
9419.792	968.88	8450.912
9653.717	980.991	8672.726
9892.339	993.102	8899.237
10133.08	1005.213	9127.864
10404.53	1017.324	9387.207
10549.3	1029.435	9519.863
10579.25	1041.546	9537.707
10583.6	1053.657	9529.947
10529.76	1065.768	9463.988
10466.85	1077.879	9388.969
10322.56	1089.99	9232.573
10190.82	1102.101	9088.718
10048.56	1114.212	8934.344
9929.791	1126.323	8803.468
9660.168	1138.434	8521.734
9576.639	1150.545	8426.094
9399.807	1162.656	8237.15
9315.873	1174.767	8141.106
9149.22	1186.878	7962.342
8982.567	1198.989	7783.578
8854.555	1211.1	7643.455
8719.819	1223.211	7496.608
8566.618	1235.322	7331.296
8515.348	1247.433	7267.915
8454.104	1259.544	7194.561
8427.688	1271.655	7156.033
8287.525	1283.766	7003.759
8171.172	1295.877	6875.295
8107.004	1307.988	6799.016
8069.981	1320.099	6749.882
8054.305	1332.21	6722.095
8026.016	1344.321	6681.694
7961.417	1356.432	6604.985
7901.07	1368.543	6532.527
7879.712	1380.654	6499.058
7872.592	1392.765	6479.827
7846.241	1404.876	6441.365
7799.143	1416.987	6382.156
7815.487	1429.098	6386.389
7865.333	1441.209	6424.124
7894.268	1453.32	6440.948
7987.465	1465.431	6522.034
7952.799	1477.542	6475.257
7961.101	1489.653	6471.448
8061.339	1501.764	6559.575
8165.796	1513.875	6651.921
8207.308	1525.986	6681.322
8295.311	1538.097	6757.213
8351.438	1550.208	6801.229
8436.681	1562.319	6874.362
8580.845	1574.43	7006.415
8730.486	1586.541	7143.945
8880.128	1598.652	7281.476
9046.997	1610.763	7436.234
9111.631	1622.874	7488.757
9193.233	1634.985	7558.249
9394.628	1647.096	7747.532
9614.62	1659.207	7955.413
9868.738	1671.318	8197.42
10181.62	1683.429	8498.195
10360.26	1695.54	8664.717
10510.59	1707.651	8802.938
10726.2	1719.762	9006.439
10896.69	1731.873	9164.819
11174.75	1743.984	9430.766
11278.15	1756.095	9522.056
11379.52	1768.206	9611.311
11464.47	1780.317	9684.154
11443.66	1792.428	9651.23
11439.83	1804.539	9635.295
11436.01	1816.65	9619.359
11390.83	1828.761	9562.072
11243.93	1840.872	9403.055
11049.27	1852.983	9196.29
10902.09	1865.094	9037.001
10691.71	1877.205	8814.502
10559.22	1889.316	8669.9
10352.87	1901.427	8451.44
10225.34	1913.538	8311.798
10011.07	1925.649	8085.417
9818.91	1937.76	7881.15
9796.116	1949.871	7846.245
9605.997	1961.982	7644.015
9481.602	1974.093	7507.509
9380.739	1986.204	7394.535
9355.048	1998.315	7356.733
9256.578	2010.426	7246.152
9199.754	2022.537	7177.217
9142.932	2034.648	7108.284
9068.213	2046.759	7021.454
8978.507	2058.87	6919.637
8843.08	2070.981	6772.099
8851.398	2083.092	6768.307
8733.746	2095.203	6638.543
8723.805	2107.314	6616.491
8733.146	2119.425	6613.721
8674.42	2131.536	6542.884
8625.282	2143.647	6481.635
8674.42	2155.758	6518.662
8674.42	2167.869	6506.551
6888.696	0	6888.696
6928.756	13.546	6915.21
6922.872	27.092	6895.78
6899.279	40.638	6858.641
7028.74	54.184	6974.556
7079.953	67.73	7012.223
7143.934	81.276	7062.658
7186.08	94.822	7091.258
7258.268	108.368	7149.899
7371.734	121.914	7249.82
7576.473	135.46	7441.013
7599.853	149.006	7450.847
7737.78	162.552	7575.228
7858.748	176.098	7682.65
8031.258	189.644	7841.614
8078.68	203.19	7875.49
8270.898	216.736	8054.163
8457.794	230.282	8227.512
8669.565	243.828	8425.737
9063.45	257.374	8806.076
9369.66	270.92	9098.74
9544.358	284.466	9259.893
9762.036	298.012	9464.024
9774.646	311.558	9463.089
9873.75	325.104	9548.646
9761.191	338.65	9422.541
9679.22	352.196	9327.023
9597.248	365.742	9231.506
9513.372	379.288	9134.084
9320.505	392.834	8927.671
9125.455	406.38	8719.075
9014.339	419.926	8594.413
8848.609	433.472	8415.138
8676.06	447.018	8229.042
8565.671	460.564	8105.107
8445.955	474.11	7971.845
8303.145	487.656	7815.489
8229.248	501.202	7728.046
8111.412	514.748	7596.664
8043.677	528.294	7515.383
7937.742	541.84	7395.902
7850.635	555.386	7295.249
7870.335	568.932	7301.403
7666.901	582.478	7084.423
7662.607	596.024	7066.583
7567.036	609.57	6957.466
7478.244	623.116	6855.128
7409.568	636.662	6772.906
7370.282	650.208	6720.074
7337.449	663.754	6673.695
7324.164	677.3	6646.864
7231.115	690.8459	6540.269
7240.431	704.392	6536.039
7262.412	717.938	6544.474
7217.08	731.4839	6485.596
7283.796	745.03	6538.766
7306.074	758.576	6547.498
7322.698	772.1219	6550.576
7318.482	785.668	6532.814
7419.297	799.214	6620.083
7438.266	812.7599	6625.506
7524.658	826.306	6698.352
7583.377	839.852	6743.525
7638.402	853.3979	6785.004
7771.768	866.944	6904.824
7926.825	880.49	7046.335
8082.341	894.0359	7188.305
8167.506	907.582	7259.924
8289.917	921.128	7368.789
8404.777	934.674	7470.104
8526.107	948.22	7577.888
8647.321	961.766	7685.555
8807.496	975.312	7832.184
9018.039	988.858	8029.181
9166.263	1002.404	8163.859
9502.126	1015.95	8486.176
9696.1	1029.496	8666.604
10035.44	1043.042	8992.398
10158.99	1056.588	9102.397
10416.83	1070.134	9346.694
10529.81	1083.68	9446.134
10584.59	1097.226	9487.367
10618.09	1110.772	9507.322
10625.36	1124.318	9501.037
10584.88	1137.864	9447.02
10489.47	1151.41	9338.063
10337.53	1164.956	9172.575
10165.66	1178.502	8987.158
9947.203	1192.048	8755.155
9862.27	1205.594	8656.676
9703.846	1219.14	8484.706
9563.104	1232.686	8330.418
9354.917	1246.232	8108.685
9336.184	1259.778	8076.406
9132.064	1273.324	7858.74
9038.338	1286.87	7751.468
8892.514	1300.416	7592.098
8875.507	1313.962	7561.545
8762.275	1327.508	7434.768
8649.045	1341.054	7307.991
8556.865	1354.6	7202.265
8483.424	1368.146	7115.278
8364.641	1381.692	6982.949
8301.337	1395.238	6906.099
8256.526	1408.784	6847.742
8258.795	1422.33	6836.465
8180.062	1435.876	6744.186
8167.415	1449.422	6717.993
8110.157	1462.968	6647.189
8080.405	1476.514	6603.891
8061.123	1490.06	6571.063
8042.095	1503.606	6538.489
8009.062	1517.152	6491.91
7978.656	1530.698	6447.958
8017.756	1544.244	6473.512
8056.437	1557.79	6498.646
8087.198	1571.336	6515.862
8087.112	1584.882	6502.23
8141.529	1598.428	6543.102
8171.196	1611.974	6559.222
8247.229	1625.52	6621.709
8389.598	1639.066	6750.532
8399.682	1652.612	6747.07
8454.412	1666.158	6788.254
8651.182	1679.704	6971.478
8850.561	1693.25	7157.311
8898.645	1706.796	7191.849
9024.764	1720.342	7304.422
9107.342	1733.888	7373.454
9200.6	1747.434	7453.166
9374.403	1760.98	7613.423
9556.155	1774.526	7781.629
9737.908	1788.072	7949.836
9969.153	1801.618	8167.535
10237.55	1815.164	8422.385
10377.11	1828.71	8548.396
10625.85	1842.256	8783.595
10898.14	1855.802	9042.342
11153.96	1869.348	9284.609
11407.71	1882.894	9524.815
11586.55	1896.44	9690.111
11666.51	1909.986	9756.527
11822.74	1923.532	9899.208
11837.05	1937.078	9899.973
11852.43	1950.624	9901.803
11788.54	1964.17	9824.37
11785.49	1977.716	9807.774
11782.21	1991.262	9790.952
11629.32	2004.808	9624.509
11549.07	2018.354	9530.713
11468.82	2031.9	9436.918
11310.06	2045.446	9264.613
11100.91	2058.992	9041.918
10871.5	2072.538	8798.966
10677.92	2086.084	8591.839
10501.33	2099.63	8401.7
10388.48	2113.176	8275.303
10258.24	2126.722	8131.516
10148.12	2140.268	8007.85
9954.425	2153.814	7800.611
9805.644	2167.36	7638.284
9787.728	2180.906	7606.821
9620.877	2194.452	7426.425
9513.723	2207.998	7305.725
9428.45	2221.544	7206.906
9371.736	2235.09	7136.646
9250.524	2248.636	7001.889
9219.229	2262.182	6957.048
9187.936	2275.728	6912.208
9129.364	2289.274	6840.09
9095.777	2302.82	6792.958
9009.694	2316.366	6693.328
9044.001	2329.912	6714.089
8943.117	2343.458	6599.659
8910.057	2357.004	6553.053
8998.948	2370.55	6628.398
8944.093	2384.096	6559.997
8910.91	2397.642	6513.269
8944.093	2411.188	6532.905
8944.093	2424.734	6519.359
7458.914	0	7458.914
7490.052	9.068	7480.984
7540.66	18.136	7522.524
7518.585	27.204	7491.381
7667.395	36.272	7631.123
7739.236	45.34	7693.896
7874.784	54.408	7820.375
7896.39	63.476	7832.914
8001.109	72.544	7928.565
8234.608	81.612	8152.997
8407.911	90.68	8317.231
8443.447	99.748	8343.699
8543.754	108.816	8434.938
8669.531	117.884	8551.647
8916.521	126.952	8789.568
9012.546	136.02	8876.526
9197.652	145.088	9052.564
9456.594	154.156	9302.438
9676.848	163.224	9513.624
10113.32	172.292	9941.03
10330.84	181.36	10149.48
10254.13	190.428	10063.71
10265.26	199.496	10065.76
10208.91	208.564	10000.35
10218.91	217.632	10001.27
9941.059	226.7	9714.358
9795.091	235.768	9559.323
9649.123	244.836	9404.287
9533.338	253.904	9279.434
9299.106	262.972	9036.135
9119.919	272.04	8847.879
8998.94	281.108	8717.832
8845.581	290.176	8555.405
8700.284	299.244	8401.04
8620.083	308.312	8311.771
8504.608	317.38	8187.229
8372.627	326.448	8046.179
8308.41	335.516	7972.894
8161.876	344.584	7817.292
8080.309	353.652	7726.657
8025.195	362.72	7662.475
7940.09	371.788	7568.302
7973.383	380.856	7592.527
7762.968	389.924	7373.044
7776.431	398.992	7377.438
7742.496	408.06	7334.436
7698.296	417.128	7281.168
7605.366	426.196	7179.17
7558.443	435.264	7123.179
7509.256	444.332	7064.924
7503.2	453.4	7049.8
7383.874	462.468	6921.406
7411.721	471.536	6940.185
7471.598	480.604	6990.994
7450.813	489.672	6961.142
7519.05	498.74	7020.311
7532.231	507.808	7024.423
7539.38	516.876	7022.504
7564.065	525.944	7038.121
7676.893	535.012	7141.881
7732.773	544.08	7188.693
7801.487	553.148	7248.339
7892.205	562.216	7329.989
8073.392	571.284	7502.107
8187.953	580.352	7607.601
8407.045	589.42	7817.625
8473.787	598.488	7875.299
8582.883	607.556	7975.327
8698.747	616.624	8082.123
8841.024	625.692	8215.332
8960.409	634.76	8325.649
9113.429	643.828	8469.601
9279.701	652.896	8626.805
9522.666	661.964	8860.702
9799.476	671.032	9128.443
10064.95	680.1	9384.854
10276.39	689.168	9587.223
10443.62	698.236	9745.383
10343.94	707.304	9636.639
10300.27	716.372	9583.897
10160.75	725.44	9435.313
10016.59	734.508	9282.08
9835.816	743.576	9092.24
9695.07	752.644	8942.427
9561.734	761.712	8800.022
9410.979	770.78	8640.198
9244.997	779.848	8465.149
9101.927	788.916	8313.011
8957.92	797.984	8159.936
8875.215	807.052	8068.163
8734.159	816.12	7918.039
8608.356	825.188	7783.168
8486.791	834.256	7652.535
8501.935	843.324	7658.61
8333.523	852.392	7481.131
8261.385	861.46	7399.925
8169.859	870.528	7299.331
8159.732	879.596	7280.136
8073.45	888.664	7184.786
7987.165	897.732	7089.433
7921.357	906.8	7014.558
7889.176	915.868	6973.308
7808.659	924.936	6883.723
7781.509	934.004	6847.505
7728.484	943.072	6785.412
7740.185	952.14	6788.045
7677.19	961.208	6715.982
7668.92	970.276	6698.645
7686.484	979.344	6707.14
7703.71	988.412	6715.298
7739.965	997.48	6742.485
7728.459	1006.548	6721.911
7772.375	1015.616	6756.76
7790.716	1024.684	6766.032
7879.076	1033.752	6845.324
7958.356	1042.82	6915.536
8014.547	1051.888	6962.659
8035.511	1060.956	6974.555
8128.109	1070.024	7058.085
8317.422	1079.092	7238.33
8463.874	1088.16	7375.714
8671.553	1097.228	7574.325
8690.475	1106.296	7584.179
8787.874	1115.364	7672.51
8917.514	1124.432	7793.082
9072.747	1133.5	7939.247
9142.978	1142.568	8000.41
9319.018	1151.636	8167.382
9501.969	1160.704	8341.265
9695.795	1169.772	8526.023
9962.668	1178.84	8783.828
10184.86	1187.908	8996.949
10407.04	1196.976	9210.068
10685.36	1206.044	9479.314
10875.33	1215.112	9660.223
11126.14	1224.18	9901.965
11403.25	1233.248	10170.01
11658.66	1242.316	10416.34
11900.22	1251.384	10648.84
11989.81	1260.452	10729.36
12006.84	1269.52	10737.32
11947.54	1278.588	10668.95
11981.27	1287.656	10693.61
11813.41	1296.724	10516.69
11617.62	1305.792	10311.82
11365.55	1314.86	10050.69
11230.41	1323.928	9906.484
11104.55	1332.996	9771.558
10884.75	1342.064	9542.682
10805.99	1351.132	9454.861
10727.24	1360.2	9367.036
10577.03	1369.268	9207.763
10432.5	1378.336	9054.169
10265.32	1387.404	8877.914
10117.8	1396.472	8721.325
9974.116	1405.54	8568.576
9887.715	1414.608	8473.106
9803.602	1423.676	8379.926
9719.624	1432.744	8286.88
9574.645	1441.812	8132.833
9446.907	1450.88	7996.027
9448.346	1459.948	7988.397
9345.253	1469.016	7876.237
9265.654	1478.084	7787.57
9190.016	1487.152	7702.864
9186.383	1496.22	7690.163
9110.082	1505.288	7604.794
9096.618	1514.356	7582.262
9083.156	1523.424	7559.732
9037.286	1532.492	7504.794
8946.023	1541.56	7404.463
8845.31	1550.628	7294.682
8983.031	1559.696	7423.335
8920.241	1568.764	7351.478
8888.446	1577.832	7310.614
8940.525	1586.9	7353.625
8938.953	1595.968	7342.985
8956.993	1605.036	7351.957
8938.953	1614.104	7324.849
8938.953	1623.172	7315.781
6314.115	0	6314.115
6314.115	19.981	6294.134
6075.977	39.962	6036.015
3636.516	59.943	3576.573
3445.082	79.924	3365.157
3534.121	99.90501	3434.216
3660.941	119.886	3541.055
3785.453	139.867	3645.586
3829.639	159.848	3669.791
3929.609	179.829	3749.78
4159.114	199.81	3959.304
4291.876	219.791	4072.085
4499.594	239.772	4259.822
4858.962	259.753	4599.209
5163.202	279.734	4883.468
5334.813	299.715	5035.098
5527.447	319.696	5207.751
5850.455	339.677	5510.778
6062.906	359.658	5703.248
6481.664	379.639	6102.025
6789.793	399.62	6390.173
6962.789	419.601	6543.188
7339.779	439.582	6900.197
7653.13	459.563	7193.567
7996.13	479.544	7516.586
8157.587	499.525	7658.062
8290.921	519.506	7771.415
8424.253	539.487	7884.766
8535.028	559.468	7975.561
8485.696	579.449	7906.247
8480.583	599.4301	7881.153
8499.704	619.411	7880.293
8485.134	639.392	7845.742
8488.721	659.373	7829.348
8506.333	679.354	7826.979
8537.238	699.335	7837.903
8537.154	719.316	7817.838
8576.362	739.2971	7837.065
8560.201	759.278	7800.923
8569.448	779.259	7790.189
8597.627	799.2401	7798.387
8613.971	819.221	7794.75
8695.57	839.202	7856.368
8557.332	859.183	7698.149
8619.237	879.1641	7740.073
8629.246	899.145	7730.101
8642.935	919.126	7723.809
8665.082	939.1071	7725.975
8685.426	959.088	7726.338
8686.508	979.069	7707.439
8716.186	999.05	7717.136
8637.702	1019.031	7618.671
8668.488	1039.012	7629.476
8716.92	1058.993	7657.927
8673.934	1078.974	7594.959
8709.648	1098.955	7610.693
8707.43	1118.936	7588.494
8721.944	1138.917	7583.027
8689.549	1158.898	7530.651
8744.157	1178.879	7565.278
8724.055	1198.86	7525.194
8747.893	1218.841	7529.052
8780.425	1238.822	7541.603
8798.47	1258.803	7539.667
8771.896	1278.784	7493.112
8831.793	1298.765	7533.028
8824.429	1318.746	7505.683
8849.827	1338.727	7511.1
8838.248	1358.708	7479.54
8851.159	1378.689	7472.47
8836.862	1398.67	7438.192
8818.14	1418.651	7399.488
8858.715	1438.632	7420.083
8891.812	1458.613	7433.198
8915.155	1478.594	7436.561
8953.286	1498.575	7454.711
8964.412	1518.556	7445.856
9080.099	1538.537	7541.562
9000.604	1558.518	7442.085
9036.909	1578.499	7458.41
9040.193	1598.48	7441.713
9046.775	1618.461	7428.314
9011.11	1638.442	7372.668
8998.594	1658.423	7340.171
8977.94	1678.404	7299.536
8988.57	1698.385	7290.185
8976.402	1718.366	7258.036
8970.684	1738.347	7232.336
8953.009	1758.328	7194.681
8973.645	1778.309	7195.335
8956.063	1798.29	7157.772
8939.362	1818.271	7121.091
8910.093	1838.252	7071.841
9016.671	1858.233	7158.438
8935.385	1878.214	7057.171
8974.172	1898.195	7075.977
8967.021	1918.176	7048.845
9065.223	1938.157	7127.065
9035.98	1958.138	7077.842
9006.738	1978.119	7028.619
8978.155	1998.1	6980.055
8997.372	2018.081	6979.291
8990.495	2038.062	6952.433
9026.817	2058.043	6968.774
9051.621	2078.024	6973.597
9104.106	2098.005	7006.102
9047.278	2117.986	6929.292
9045.894	2137.967	6907.927
9052.245	2157.948	6894.297
9056.44	2177.929	6878.511
9067.944	2197.91	6870.034
9058.593	2217.891	6840.702
9071.046	2237.872	6833.174
9051.918	2257.853	6794.065
9100.79	2277.834	6822.956
9107.512	2297.815	6809.696
9131.888	2317.796	6814.092
9124.322	2337.777	6786.545
9145.998	2357.758	6788.24
9166.095	2377.739	6788.355
9170.117	2397.72	6772.397
9245.668	2417.701	6827.967
9194.806	2437.682	6757.124
9192.433	2457.663	6734.77
9230.602	2477.644	6752.958
9280.994	2497.625	6783.369
9228.913	2517.606	6711.307
9232.507	2537.587	6694.92
9229.069	2557.568	6671.501
9238.071	2577.549	6660.522
9275.502	2597.53	6677.972
9236.144	2617.511	6618.632
9196.784	2637.492	6559.292
9256.633	2657.473	6599.16
9228.172	2677.454	6550.718
9203.282	2697.435	6505.847
9256.993	2717.416	6539.577
9245.163	2737.397	6507.766
9280.682	2757.378	6523.304
9327.149	2777.359	6549.79
9309.716	2797.34	6512.376
9268.104	2817.321	6450.783
9361.901	2837.302	6524.599
9348.372	2857.283	6491.089
9369.361	2877.264	6492.097
9320.327	2897.245	6423.082
9348.297	2917.226	6431.071
9407.381	2937.207	6470.174
9393.099	2957.188	6435.91
9393.764	2977.169	6416.595
9394.431	2997.15	6397.28
9422.625	3017.131	6405.494
9409.561	3037.112	6372.448
9394.078	3057.093	6336.985
9401.143	3077.074	6324.068
9395.609	3097.055	6298.554
9476.604	3117.036	6359.567
9501.323	3137.017	6364.306
9534.258	3156.998	6377.26
9480.12	3176.979	6303.141
9432.347	3196.96	6235.387
9538.864	3216.941	6321.923
9479.925	3236.922	6243.003
9511.062	3256.903	6254.158
9548.366	3276.884	6271.482
9587.728	3296.865	6290.862
9575.16	3316.846	6258.314
9572.034	3336.827	6235.207
9568.91	3356.808	6212.102
9554.641	3376.789	6177.852
9596.702	3396.77	6199.932
9558.955	3416.751	6142.204
9672.622	3436.732	6235.89
9592.579	3456.713	6135.866
9598.797	3476.694	6122.103
9688.387	3496.675	6191.712
9712.035	3516.656	6195.379
9686.378	3536.637	6149.741
9712.035	3556.618	6155.417
9712.035	3576.599	6135.436
